# Locations of glaciers with an area of at least 10 km2 in Southeast Tibet
# 1st column: lats
# 2nd column: lons
 30.650817  99.443696
 29.913880  99.635285
 28.492921  98.660107
 28.469936  98.694663
 28.432611  98.703841
 31.898773  95.422263
 28.643645  98.195081
 28.633562  98.231947
 28.829024  98.055117
 28.980610  97.608477
 28.958519  97.622776
 29.447085  97.416918
 29.739318  96.514066
 29.726648  96.565653
 30.313767  95.874084
 30.660168  95.080984
 30.682524  95.109667
 30.664316  95.152459
 30.653365  95.180059
 30.629461  95.205716
 30.637457  95.323155
 30.680652  94.653725
 30.630392  94.671833
 30.796012  94.742228
 30.621558  94.769938
 30.625340  94.868206
 30.650613  94.902913
 30.600569  94.941245
 30.592429  94.997218
 30.641792  95.062810
 30.919098  93.863597
 30.851920  93.943546
 30.928720  93.750947
 30.914044  93.811902
 31.807014  94.666945
 31.782485  94.727935
 31.846503  94.683870
 31.839344  94.719825
 31.824047  94.744981
 31.815723  94.775410
 31.699879  95.399105
 28.494636  98.618133
 28.444440  98.664272
 28.412964  98.684201
 28.335990  91.109560
 28.314151  91.113141
 28.418224  91.125667
 28.329150  91.143132
 28.373656  91.157342
 28.343731  91.170363
 28.362157  91.174058
 28.067610  91.313883
 28.024923  91.426861
 27.984093  91.493428
 27.953717  91.500633
 27.979179  91.528592
 27.998766  91.557802
 27.968685  91.631030
 27.815752  92.289351
 27.794752  92.366033
 27.803736  92.402998
 27.768362  92.445315
 27.834287  92.539216
 27.867095  92.554668
 27.888153  92.613531
 27.903913  92.647714
 27.916106  92.670714
 27.940753  92.684747
 27.918487  92.707501
 27.965849  92.726919
 28.107319  92.684303
 28.080474  92.699073
 28.012758  92.739328
 28.042975  92.754736
 28.150107  92.848670
 28.177719  92.870586
 27.848311  92.317641
 27.805645  92.336208
 27.825516  92.383912
 27.819102  92.446910
 27.857833  92.517421
 27.892334  92.557607
 27.917421  92.632648
 28.087658  92.643691
 28.060986  92.652141
 28.119394  92.657445
 28.031490  92.662261
 28.169361  92.684495
 28.016804  92.700869
 28.166771  92.747303
 28.197001  92.791034
 28.185523  92.820367
 28.675879  93.454300
 29.304050  94.770031
 29.409384  94.910083
 29.374522  94.921799
 29.538816  95.010767
 29.574117  95.060759
 29.626516  95.112378
 29.583396  95.142900
 29.669423  95.173633
 29.716096  94.991004
 29.681779  95.018011
 29.636748  95.018170
 29.681116  95.050934
 29.658042  95.073483
 29.680753  95.138933
 28.900417  93.172729
 28.858579  93.220837
 28.861348  93.276646
 30.214049  90.236044
 30.208403  90.264422
 30.264090  90.361353
 30.272719  90.397440
 30.389686  90.521331
 30.373820  90.572970
 30.387669  90.600148
 30.429209  90.608759
 30.354647  90.618171
 30.817587  91.413471
 30.853844  91.470213
 30.907521  91.481740
 30.883943  91.512790
 30.338475  93.155950
 30.315513  93.324997
 30.195530  93.440629
 30.240796  93.469853
 30.202414  93.481264
 30.227172  93.487209
 30.277730  93.516529
 30.263649  93.546629
 30.273653  93.598151
 30.281218  93.646340
 30.225403  93.679617
 30.261133  93.704155
 30.199802  93.762973
 30.222655  93.783028
 30.302125  93.805571
 30.314095  93.879385
 30.167461  93.880111
 30.307029  93.906346
 30.166979  93.920932
 30.295128  93.931825
 30.167178  94.037888
 30.160290  94.058502
 30.288239  94.064831
 30.198161  94.071755
 30.211312  94.125719
 30.168667  94.173321
 30.138121  94.201443
 30.120922  94.259500
 29.794488  94.863238
 29.811333  94.940448
 29.813948  95.015080
 29.849101  95.015351
 30.149925  94.270461
 30.120262  94.307413
 29.824286  94.848795
 29.855367  94.906327
 29.912374  94.939295
 29.897601  94.968277
 29.845829  94.976207
 30.198308  94.518832
 30.183846  94.577549
 30.160131  94.619821
 30.151516  94.724883
 30.084943  94.882861
 30.051372  94.935108
 30.370831  93.409292
 30.376008  93.457851
 30.501566  93.457949
 30.511569  93.503737
 30.317338  93.510133
 30.332861  93.539149
 30.489426  93.545406
 30.501644  93.564939
 30.315191  93.579031
 30.489993  93.610592
 30.462103  93.629561
 30.497602  93.641788
 30.319038  93.642299
 30.339269  93.668357
 30.516054  93.670173
 30.312227  93.718220
 30.365254  93.789310
 30.390468  93.791780
 30.503886  93.795284
 30.328981  93.812188
 30.348017  93.892498
 30.402577  93.921750
 30.328933  93.950914
 30.361797  94.003064
 30.387090  94.011543
 30.320175  94.040071
 30.391289  94.045202
 30.368304  94.058581
 30.386785  94.079054
 30.258675  94.120564
 30.396725  94.122722
 30.212185  94.163801
 30.243159  94.195911
 30.208022  94.214942
 30.293008  94.224395
 30.173523  94.246066
 30.337071  94.323288
 30.301253  94.340311
 30.268564  94.370037
 30.263397  94.407728
 30.269048  94.467432
 30.298780  94.480944
 30.201395  94.556655
 30.216698  94.611947
 30.186063  94.634532
 30.142554  94.747167
 30.890251  93.767472
 30.628015  93.870240
 30.599158  93.958771
 30.848554  93.977526
 30.530215  94.199594
 30.596322  94.214072
 30.492639  94.228401
 30.532340  94.239903
 30.564664  94.247664
 30.599849  94.294485
 30.539352  94.307412
 30.618395  94.329359
 30.622141  94.360442
 30.631931  94.394004
 30.564825  94.408749
 30.456508  94.423696
 30.506502  94.470958
 30.422224  94.483462
 30.400082  94.509469
 30.424765  94.518522
 30.583165  94.527776
 30.463480  94.553490
 30.627559  94.561052
 30.676270  94.565582
 30.498116  94.591015
 30.407733  94.613648
 30.442007  94.665067
 30.505575  94.680003
 30.405681  94.718401
 30.586709  94.735643
 30.518663  94.736864
 30.550843  94.833450
 30.506453  94.839058
 30.493243  94.865682
 30.473909  94.873906
 30.455772  94.900267
 30.463710  94.929372
 30.326819  94.930921
 30.560528  94.931929
 30.307494  94.965077
 30.583189  94.969240
 30.274560  95.012025
 30.551952  95.012459
 30.528112  95.018520
 30.355558  95.019268
 30.442331  95.019784
 30.319642  95.028520
 30.434655  95.043922
 30.453182  95.048411
 30.501126  95.050386
 30.343402  95.065194
 30.295052  95.070567
 30.557910  95.077257
 30.363597  95.110351
 30.398222  95.113933
 30.276693  95.128515
 30.416573  95.129798
 30.510456  95.169638
 30.636986  95.114566
 30.309039  95.124180
 30.572579  95.151825
 30.407324  95.167188
 30.465117  95.172137
 30.330005  95.215166
 30.359199  95.231142
 30.572729  95.238131
 30.239984  95.258581
 30.223551  95.290584
 30.471594  95.294167
 30.081541  95.301970
 30.393444  95.310747
 30.094934  95.312222
 30.320297  95.314157
 30.365999  95.315676
 30.033849  95.374934
 30.467329  95.395619
 30.314561  95.416426
 30.014450  95.422875
 30.321478  95.446613
 29.964947  95.468851
 30.321047  95.475245
 29.995423  95.493239
 30.330395  95.505350
 30.187242  95.513800
 30.291942  95.524589
 29.974367  95.529451
 30.337006  95.531918
 29.947604  95.543181
 30.195379  95.545492
 30.169511  95.546177
 30.341555  95.573663
 30.254476  95.574881
 30.323315  95.576335
 30.193115  95.578090
 30.280306  95.583254
 30.437448  95.590907
 30.174705  95.594088
 30.301269  95.600957
 30.205152  95.603885
 30.359003  95.622432
 30.195663  95.632324
 30.309625  95.642946
 30.270275  95.645078
 30.257893  95.674481
 30.438398  95.768838
 29.970884  95.864222
 29.942172  95.897762
 29.953123  95.925575
 29.916272  95.976381
 29.952336  95.977154
 29.781920  96.348949
 29.848494  96.355256
 29.845702  96.398608
 29.690401  96.527429
 29.692625  96.559163
 29.670460  96.595279
 29.822192  95.488906
 29.755582  95.730371
 29.713756  95.741864
 29.627990  95.821661
 29.630999  95.864801
 29.714104  95.895261
 29.627411  95.915901
 29.687482  95.923601
 29.581426  95.968631
 29.574847  96.012106
 29.630104  96.039469
 29.667231  96.061292
 29.568875  96.077290
 29.622438  96.084788
 29.594167  96.089425
 29.554140  96.133998
 29.535407  96.167896
 29.522857  96.218547
 29.478761  96.274524
 29.455380  96.343069
 29.426295  96.404173
 29.414763  96.512081
 29.411477  96.562589
 29.403291  96.597956
 29.394885  96.630662
 29.333788  96.656906
 29.288649  96.734907
 29.215830  96.745016
 29.266458  96.753861
 29.211951  96.891299
 29.157219  96.896513
 29.227535  96.919705
 29.216813  96.960444
 29.602925  95.803761
 29.562238  95.901464
 29.346628  95.914334
 29.592239  95.924775
 29.532120  95.931626
 29.377897  95.985379
 29.545171  96.001426
 29.372792  96.039090
 29.480844  96.068292
 29.221061  96.245924
 29.110874  96.298599
 29.147734  96.307991
 29.384036  96.075956
 29.369661  96.104689
 29.289582  96.184870
 29.049977  96.374752
 29.468809  96.082517
 29.533918  96.096358
 29.444111  96.294954
 29.392493  96.309020
 29.415431  96.328621
 29.331302  96.350968
 29.379496  96.395567
 29.358446  96.413298
 29.312083  96.448476
 29.208446  96.461218
 29.376530  96.463420
 29.363841  96.503921
 29.348677  96.531229
 29.135948  96.560509
 29.321288  96.574097
 29.168400  96.594226
 29.291050  96.622515
 29.264095  96.657102
 29.226040  96.668620
 29.189501  96.691745
 29.142595  96.711324
 29.146581  96.758356
 29.132184  96.817676
 29.145009  96.866157
 29.116911  96.875520
 29.111342  96.902828
 29.174815  96.942740
 29.199755  96.998934
 29.154792  97.005430
 29.128393  97.039448
 29.152440  97.052501
 29.096988  97.056310
 29.065319  97.068800
 29.448596  97.071242
 29.120866  97.086453
 29.063165  97.104470
 29.529843  97.120143
 29.094027  97.120636
 29.231475  97.278555
 29.199936  97.319342
 29.470397  97.391592
 28.985472  97.526066
 30.292734  90.387340
 30.415653  90.549940
